../../.git/annex/objects/59/pz/MD5E-s41550--75985bc8d4fe5dc2f082a861be8c82a3.tsv/MD5E-s41550--75985bc8d4fe5dc2f082a861be8c82a3.tsv